  -4.5747039e-03,   -9.7011715e-02,   9.7819411e-01,   1.8115686e-01,   2.9602895e-02,   3.0415361e-03,  -8.1409727e-04,  -1.3800762e-04,
  -2.4331997e-03,  2.2728571e-02,  -1.8024299e-01,   9.8283411e-01,   1.8205025e-02,  -2.6365242e-02,  -7.1300252e-04,   1.1671729e-04,
   8.6606921e-03,   1.8992684e-03,  -1.6073043e-02,   1.0180551e-02,   3.8382715e-01,   7.6924233e-01,  -5.0452287e-01,   7.7194793e-02,
   1.2013049e-02,   1.5194012e-02,  -8.5059591e-03,  -2.9675264e-02,   5.6579953e-01,  -6.3098376e-01,  -5.0972456e-01,   1.4346816e-01,
   8.4808778e-01,  -5.2745636e-01,  -4.9046122e-02,   5.3478486e-03,  -9.0409593e-03,  -4.5704973e-03,   3.9908259e-04,   1.7119260e-05,
  -4.2841992e-05,  -2.4737322e-04,  -8.2315153e-05,   1.2454358e-03,   1.7626342e-04,   4.5311305e-02,   2.1839682e-01,   9.7480668e-01,
   5.2941164e-01,   8.4348210e-01,   8.7152906e-02,  -1.5750394e-03,  -2.4900833e-02,   6.5466189e-03,   4.6844637e-04,  -1.5806456e-04,
   1.4975461e-02,   1.2858877e-02,  -1.7801302e-02,  -1.4227074e-02,   7.2844906e-01,   8.5466342e-02,   6.6176947e-01, -1.5234740e-01
